7.279479e-22 7.948671e-18 1.243596e-17 1.358004e-17 1.279919e-17 1.112828e-17 9.194172e-18 7.333376e-18 5.700350e-18 4.344599e-18 3.260274e-18 2.416031e-18 1.771926e-18 1.288266e-18 9.296709e-19 4.115177e-23 1.216988e-27 3.363116e-32 0.000000e+00 0.000000e+00 0.000000e+00
3.616180e-07 4.234147e-07 5.088862e-07 6.110600e-07 7.067016e-07 7.755354e-07 8.065248e-07 7.986785e-07 7.575377e-07 6.916803e-07 6.104131e-07 5.216485e-07 4.313104e-07 3.435735e-07 2.619446e-07 1.902384e-07 1.319004e-07 8.677141e-08 5.209273e-08 2.431784e-08 0.000000e+00
7.112461e-07 8.332733e-07 1.001983e-06 1.203581e-06 1.392207e-06 1.527868e-06 1.588843e-06 1.573248e-06 1.492057e-06 1.362201e-06 1.202038e-06 1.027153e-06 8.492074e-07 6.764038e-07 5.156325e-07 3.744067e-07 2.595446e-07 1.707210e-07 1.024837e-07 4.783953e-08 0.000000e+00
1.051617e-06 1.233230e-06 1.484149e-06 1.783780e-06 2.063918e-06 2.265157e-06 2.355355e-06 2.331885e-06 2.211162e-06 2.018367e-06 1.780766e-06 1.521465e-06 1.257721e-06 1.001646e-06 7.634057e-07 5.541362e-07 3.840186e-07 2.525424e-07 1.515822e-07 7.075451e-08 0.000000e+00
1.384113e-06 1.625343e-06 1.958298e-06 2.355513e-06 2.726483e-06 2.992520e-06 3.111283e-06 3.079611e-06 2.919462e-06 2.664246e-06 2.350077e-06 2.007473e-06 1.659180e-06 1.321101e-06 1.006576e-06 7.303116e-07 5.058920e-07 3.325908e-07 1.995947e-07 9.315759e-08 0.000000e+00
1.709678e-06 2.011149e-06 2.426710e-06 2.921848e-06 3.383616e-06 3.714030e-06 3.860746e-06 3.820350e-06 3.620519e-06 3.302948e-06 2.912602e-06 2.487343e-06 2.055313e-06 1.636093e-06 1.246095e-06 9.035554e-07 6.255545e-07 4.111037e-07 2.466572e-07 1.151109e-07 0.000000e+00
2.028986e-06 2.391873e-06 2.891277e-06 3.485377e-06 4.038457e-06 4.433108e-06 4.607173e-06 4.557323e-06 4.317225e-06 3.936967e-06 3.470429e-06 2.962775e-06 2.447465e-06 1.947644e-06 1.482681e-06 1.074322e-06 7.432790e-07 4.882424e-07 2.928606e-07 1.366554e-07 0.000000e+00
2.342471e-06 2.768474e-06 3.353570e-06 4.048290e-06 4.693662e-06 5.152625e-06 5.353394e-06 5.293153e-06 5.011890e-06 4.568260e-06 4.025167e-06 3.435061e-06 2.836645e-06 2.256503e-06 1.716847e-06 1.242915e-06 8.592352e-07 5.641015e-07 3.382559e-07 1.578137e-07 0.000000e+00
2.650397e-06 3.141722e-06 3.814940e-06 4.612501e-06 5.351550e-06 5.875052e-06 6.101809e-06 6.030012e-06 5.706389e-06 5.198381e-06 4.578068e-06 3.905182e-06 3.223604e-06 2.563220e-06 1.948955e-06 1.409526e-06 9.735144e-07 6.387239e-07 3.828636e-07 1.785943e-07 0.000000e+00
2.952928e-06 3.512302e-06 4.276640e-06 5.179800e-06 6.014270e-06 6.602653e-06 6.854570e-06 6.769814e-06 6.402343e-06 5.828642e-06 5.130165e-06 4.373934e-06 3.608938e-06 2.868220e-06 2.179268e-06 1.574273e-06 1.086158e-06 7.121212e-07 4.266859e-07 1.989973e-07 0.000000e+00
3.250185e-06 3.880877e-06 4.739913e-06 5.751951e-06 6.683924e-06 7.337602e-06 7.613715e-06 7.514337e-06 7.101225e-06 6.460211e-06 5.682362e-06 4.841997e-06 3.993150e-06 3.171853e-06 2.407997e-06 1.737230e-06 1.197177e-06 7.842860e-07 4.697139e-07 2.190175e-07 0.000000e+00
3.542255e-06 4.248114e-06 5.206022e-06 6.330740e-06 7.362610e-06 8.082042e-06 8.381211e-06 8.265262e-06 7.804407e-06 7.094159e-06 6.235464e-06 5.309967e-06 4.376670e-06 3.474414e-06 2.635306e-06 1.898438e-06 1.306559e-06 8.551957e-07 5.119303e-07 2.386461e-07 0.000000e+00
3.829198e-06 4.614701e-06 5.676279e-06 6.917999e-06 8.052447e-06 8.838099e-06 9.158976e-06 9.024202e-06 8.513173e-06 7.731459e-06 6.790193e-06 5.778365e-06 4.759867e-06 3.776148e-06 2.861322e-06 2.057903e-06 1.414267e-06 9.248134e-07 5.533097e-07 2.578708e-07 0.000000e+00
4.111048e-06 4.981358e-06 6.152064e-06 7.515629e-06 8.755612e-06 9.607917e-06 9.948901e-06 9.792710e-06 9.228738e-06 8.373006e-06 7.347193e-06 6.247638e-06 5.143049e-06 4.077255e-06 3.086138e-06 2.215600e-06 1.520245e-06 9.930902e-07 5.938201e-07 2.766762e-07 0.000000e+00
4.387819e-06 5.348858e-06 6.634845e-06 8.125636e-06 9.474353e-06 1.039367e-05 1.075287e-05 1.057230e-05 9.952259e-06 9.019634e-06 7.907044e-06 6.718182e-06 5.526481e-06 4.377895e-06 3.309819e-06 2.371477e-06 1.624416e-06 1.059966e-06 6.334236e-07 2.950444e-07 0.000000e+00
4.659512e-06 5.718044e-06 7.126220e-06 8.750165e-06 1.021104e-05 1.119763e-05 1.157281e-05 1.136449e-05 1.068486e-05 9.672134e-06 8.470283e-06 7.190345e-06 5.910385e-06 4.678204e-06 3.532405e-06 2.525458e-06 1.726688e-06 1.125371e-06 6.720777e-07 3.129555e-07 0.000000e+00
4.926118e-06 6.089859e-06 7.627950e-06 9.391534e-06 1.096821e-05 1.202213e-05 1.241068e-05 1.217078e-05 1.142767e-05 1.033127e-05 9.037414e-06 7.664448e-06 6.294963e-06 4.978296e-06 3.753926e-06 2.677450e-06 1.826958e-06 1.189232e-06 7.097368e-07 3.303885e-07 0.000000e+00
5.187622e-06 6.465365e-06 8.141991e-06 1.005228e-05 1.174857e-05 1.286970e-05 1.326853e-05 1.299276e-05 1.218180e-05 1.099780e-05 9.608922e-06 8.140792e-06 6.680397e-06 5.278275e-06 3.974401e-06 2.827339e-06 1.925110e-06 1.251467e-06 7.463533e-07 3.473214e-07 0.000000e+00
5.444004e-06 6.845770e-06 8.670527e-06 1.073520e-05 1.255506e-05 1.374298e-05 1.414852e-05 1.383201e-05 1.294841e-05 1.167247e-05 1.018529e-05 8.619659e-06 7.066859e-06 5.578236e-06 4.193846e-06 2.974999e-06 2.021023e-06 1.311993e-06 7.818787e-07 3.637322e-07 0.000000e+00
5.695242e-06 7.232450e-06 9.216013e-06 1.144336e-05 1.339087e-05 1.464484e-05 1.505290e-05 1.469022e-05 1.372867e-05 1.235604e-05 1.076699e-05 9.101330e-06 7.454514e-06 5.878270e-06 4.412273e-06 3.120289e-06 2.114562e-06 1.370724e-06 8.162637e-07 3.795987e-07 0.000000e+00
5.941295e-06 7.626974e-06 9.781214e-06 1.218017e-05 1.425949e-05 1.557832e-05 1.598408e-05 1.556913e-05 1.452381e-05 1.304928e-05 1.135449e-05 9.586080e-06 7.843521e-06 6.178469e-06 4.629700e-06 3.263049e-06 2.205591e-06 1.427572e-06 8.494587e-07 3.948987e-07 0.000000e+00
6.182110e-06 8.031141e-06 1.036924e-05 1.294942e-05 1.516471e-05 1.654672e-05 1.694459e-05 1.647056e-05 1.533506e-05 1.375297e-05 1.194827e-05 1.007417e-05 8.234032e-06 6.478919e-06 4.846142e-06 3.403105e-06 2.293962e-06 1.482446e-06 8.814144e-07 4.096104e-07 0.000000e+00
6.417600e-06 8.447013e-06 1.098363e-05 1.375530e-05 1.611068e-05 1.755358e-05 1.793713e-05 1.739641e-05 1.616372e-05 1.446791e-05 1.254880e-05 1.056586e-05 8.626198e-06 6.779710e-06 5.061621e-06 3.540265e-06 2.379522e-06 1.535257e-06 9.120813e-07 4.237122e-07 0.000000e+00
6.647652e-06 8.876962e-06 1.162837e-05 1.460248e-05 1.710194e-05 1.860270e-05 1.896453e-05 1.834867e-05 1.701115e-05 1.519490e-05 1.315655e-05 1.106141e-05 9.020159e-06 7.080924e-06 5.276165e-06 3.674312e-06 2.462107e-06 1.585911e-06 9.414113e-07 4.371831e-07 0.000000e+00
6.872109e-06 9.323718e-06 1.230800e-05 1.549620e-05 1.814347e-05 1.969821e-05 2.002984e-05 1.932942e-05 1.787871e-05 1.593475e-05 1.377200e-05 1.156105e-05 9.416050e-06 7.382649e-06 5.489806e-06 3.805009e-06 2.541551e-06 1.634315e-06 9.693558e-07 4.500024e-07 0.000000e+00
7.090768e-06 9.790439e-06 1.302770e-05 1.644226e-05 1.924071e-05 2.084452e-05 2.113623e-05 2.034081e-05 1.876783e-05 1.668826e-05 1.439562e-05 1.206502e-05 9.813996e-06 7.684961e-06 5.702584e-06 3.932091e-06 2.617675e-06 1.680377e-06 9.958683e-07 4.621502e-07 0.000000e+00
7.303369e-06 1.028078e-05 1.379335e-05 1.744716e-05 2.039962e-05 2.204638e-05 2.228710e-05 2.138508e-05 1.967996e-05 1.745626e-05 1.502784e-05 1.257352e-05 1.021411e-05 7.987935e-06 5.914551e-06 4.055262e-06 2.690295e-06 1.724003e-06 1.020903e-06 4.736073e-07 0.000000e+00
7.509595e-06 1.079895e-05 1.461160e-05 1.851810e-05 2.162662e-05 2.330885e-05 2.348595e-05 2.246450e-05 2.061656e-05 1.823952e-05 1.566910e-05 1.308673e-05 1.061647e-05 8.291629e-06 6.125762e-06 4.174191e-06 2.759222e-06 1.765103e-06 1.044416e-06 4.843553e-07 0.000000e+00
7.709068e-06 1.134979e-05 1.548996e-05 1.966298e-05 2.292861e-05 2.463724e-05 2.473637e-05 2.358136e-05 2.157905e-05 1.903874e-05 1.631975e-05 1.360478e-05 1.102113e-05 8.596078e-06 6.336274e-06 4.288509e-06 2.824259e-06 1.803586e-06 1.066364e-06 4.943768e-07 0.000000e+00
7.901361e-06 1.193880e-05 1.643678e-05 2.089037e-05 2.431281e-05 2.603697e-05 2.604193e-05 2.473779e-05 2.256871e-05 1.985449e-05 1.698006e-05 1.412768e-05 1.142805e-05 8.901266e-06 6.546140e-06 4.397801e-06 2.885203e-06 1.839364e-06 1.086708e-06 5.036557e-07 0.000000e+00
8.086002e-06 1.257212e-05 1.746112e-05 2.220926e-05 2.578645e-05 2.751330e-05 2.740589e-05 2.593560e-05 2.358652e-05 2.068707e-05 1.765004e-05 1.465530e-05 1.183709e-05 9.207089e-06 6.755373e-06 4.501601e-06 2.941850e-06 1.872355e-06 1.105411e-06 5.121766e-07 0.000000e+00
8.262478e-06 1.325632e-05 1.857239e-05 2.362856e-05 2.735624e-05 2.907079e-05 2.883077e-05 2.717592e-05 2.463291e-05 2.153630e-05 1.832939e-05 1.518719e-05 1.224788e-05 9.513292e-06 6.963923e-06 4.599383e-06 2.993992e-06 1.902476e-06 1.122438e-06 5.199258e-07 0.000000e+00
8.430256e-06 1.399809e-05 1.977971e-05 2.515629e-05 2.902749e-05 3.071252e-05 3.031766e-05 2.845861e-05 2.570724e-05 2.240112e-05 1.901714e-05 1.572242e-05 1.265969e-05 9.819358e-06 7.171592e-06 4.690559e-06 3.041422e-06 1.929654e-06 1.137758e-06 5.268910e-07 0.000000e+00
8.588790e-06 1.480334e-05 2.109050e-05 2.679796e-05 3.080252e-05 3.243860e-05 3.186500e-05 2.978127e-05 2.680712e-05 2.327909e-05 1.971127e-05 1.625925e-05 1.307120e-05 1.012434e-05 7.377926e-06 4.774461e-06 3.083936e-06 1.953820e-06 1.151342e-06 5.330611e-07 0.000000e+00
8.737476e-06 1.567577e-05 2.250812e-05 2.855377e-05 3.267789e-05 3.424377e-05 3.346654e-05 3.113763e-05 2.792703e-05 2.416534e-05 2.040795e-05 1.679459e-05 1.348010e-05 1.042655e-05 7.582011e-06 4.850343e-06 3.121334e-06 1.974912e-06 1.163167e-06 5.384267e-07 0.000000e+00
8.875535e-06 1.661396e-05 2.402743e-05 3.041376e-05 3.463974e-05 3.611319e-05 3.510789e-05 3.251477e-05 2.905627e-05 2.505103e-05 2.110041e-05 1.732310e-05 1.388245e-05 1.072314e-05 7.782139e-06 4.917372e-06 3.153427e-06 1.992875e-06 1.173210e-06 5.429791e-07 0.000000e+00
9.001771e-06 1.760638e-05 2.562716e-05 3.234930e-05 3.665562e-05 3.801531e-05 3.676064e-05 3.388847e-05 3.017525e-05 2.592058e-05 2.177692e-05 1.783575e-05 1.427155e-05 1.100920e-05 7.975222e-06 4.974617e-06 3.180032e-06 2.007657e-06 1.181454e-06 5.467116e-07 0.000000e+00
9.114166e-06 1.862260e-05 2.725654e-05 3.429865e-05 3.866080e-05 3.988994e-05 3.837262e-05 3.521544e-05 3.124953e-05 2.674722e-05 2.241738e-05 1.831728e-05 1.463607e-05 1.127642e-05 8.155787e-06 5.021041e-06 3.200971e-06 2.019214e-06 1.187882e-06 5.496182e-07 0.000000e+00
9.209220e-06 1.959811e-05 2.881213e-05 3.614181e-05 4.053483e-05 4.162798e-05 3.985157e-05 3.642049e-05 3.221978e-05 2.748538e-05 2.298714e-05 1.874174e-05 1.495652e-05 1.151050e-05 8.314319e-06 5.055507e-06 3.216072e-06 2.027501e-06 1.192479e-06 5.516944e-07 0.000000e+00
9.279337e-06 2.040657e-05 3.009517e-05 3.765457e-05 4.205793e-05 4.303150e-05 4.103253e-05 3.737275e-05 3.298287e-05 2.805677e-05 2.342479e-05 1.906466e-05 1.519939e-05 1.168729e-05 8.434587e-06 5.076854e-06 3.225186e-06 2.032480e-06 1.195235e-06 5.529386e-07 0.000000e+00
9.307060e-06 2.081103e-05 3.073584e-05 3.841074e-05 4.280165e-05 4.370536e-05 4.158993e-05 3.781979e-05 3.333504e-05 2.832466e-05 2.362481e-05 1.921178e-05 1.530941e-05 1.176713e-05 8.489572e-06 5.084108e-06 3.228222e-06 2.034128e-06 1.196149e-06 5.533517e-07 0.000000e+00
9.280006e-06 2.041436e-05 3.010980e-05 3.767390e-05 4.205321e-05 4.302159e-05 4.101689e-05 3.735730e-05 3.297863e-05 2.805714e-05 2.342378e-05 1.906458e-05 1.519937e-05 1.168728e-05 8.434585e-06 5.076853e-06 3.225186e-06 2.032480e-06 1.195235e-06 5.529385e-07 0.000000e+00
9.210419e-06 1.960635e-05 2.882714e-05 3.615977e-05 4.053058e-05 4.161766e-05 3.983544e-05 3.640582e-05 3.221511e-05 2.748536e-05 2.298566e-05 1.874158e-05 1.495648e-05 1.151048e-05 8.314310e-06 5.055504e-06 3.216070e-06 2.027501e-06 1.192479e-06 5.516943e-07 0.000000e+00
9.115774e-06 1.863032e-05 2.727012e-05 3.431419e-05 3.865713e-05 3.988020e-05 3.835764e-05 3.520187e-05 3.124484e-05 2.674685e-05 2.241586e-05 1.831706e-05 1.463600e-05 1.127639e-05 8.155776e-06 5.021036e-06 3.200969e-06 2.019213e-06 1.187881e-06 5.496180e-07 0.000000e+00
9.003688e-06 1.761359e-05 2.563942e-05 3.236277e-05 3.665241e-05 3.800614e-05 3.674671e-05 3.387588e-05 3.017058e-05 2.591994e-05 2.177547e-05 1.783548e-05 1.427146e-05 1.100917e-05 7.975207e-06 4.974611e-06 3.180029e-06 2.007656e-06 1.181454e-06 5.467113e-07 0.000000e+00
8.877682e-06 1.662070e-05 2.403852e-05 3.042545e-05 3.463691e-05 3.610455e-05 3.509493e-05 3.250308e-05 2.905163e-05 2.505015e-05 2.109905e-05 1.732278e-05 1.388234e-05 1.072310e-05 7.782121e-06 4.917364e-06 3.153424e-06 1.992873e-06 1.173210e-06 5.429787e-07 0.000000e+00
8.739789e-06 1.568208e-05 2.251814e-05 2.856394e-05 3.267535e-05 3.423564e-05 3.345449e-05 3.112675e-05 2.792246e-05 2.416428e-05 2.040665e-05 1.679423e-05 1.347998e-05 1.042650e-05 7.581989e-06 4.850334e-06 3.121330e-06 1.974910e-06 1.163166e-06 5.384262e-07 0.000000e+00
8.591219e-06 1.480924e-05 2.109957e-05 2.680681e-05 3.080021e-05 3.243095e-05 3.185377e-05 2.977113e-05 2.680263e-05 2.327786e-05 1.971002e-05 1.625886e-05 1.307106e-05 1.012428e-05 7.377901e-06 4.774450e-06 3.083931e-06 1.953817e-06 1.151341e-06 5.330607e-07 0.000000e+00
8.432756e-06 1.400361e-05 1.978793e-05 2.516401e-05 2.902538e-05 3.070532e-05 3.030719e-05 2.844916e-05 2.570285e-05 2.239977e-05 1.901594e-05 1.572201e-05 1.265954e-05 9.819295e-06 7.171563e-06 4.690546e-06 3.041416e-06 1.929651e-06 1.137757e-06 5.268906e-07 0.000000e+00
8.265016e-06 1.326149e-05 1.857984e-05 2.363529e-05 2.735428e-05 2.906402e-05 2.882101e-05 2.716710e-05 2.462862e-05 2.153484e-05 1.832823e-05 1.518676e-05 1.224771e-05 9.513221e-06 6.963892e-06 4.599370e-06 2.993985e-06 1.902473e-06 1.122437e-06 5.199253e-07 0.000000e+00
8.088549e-06 1.257695e-05 1.746786e-05 2.221513e-05 2.578462e-05 2.750693e-05 2.739679e-05 2.592736e-05 2.358235e-05 2.068555e-05 1.764891e-05 1.465486e-05 1.183691e-05 9.207013e-06 6.755341e-06 4.501585e-06 2.941843e-06 1.872351e-06 1.105410e-06 5.121761e-07 0.000000e+00
7.903896e-06 1.194332e-05 1.644290e-05 2.089550e-05 2.431109e-05 2.603100e-05 2.603344e-05 2.473008e-05 2.256467e-05 1.985291e-05 1.697896e-05 1.412723e-05 1.142786e-05 8.901186e-06 6.546104e-06 4.397785e-06 2.885196e-06 1.839361e-06 1.086707e-06 5.036551e-07 0.000000e+00
7.711572e-06 1.135401e-05 1.549551e-05 1.966746e-05 2.292698e-05 2.463162e-05 2.472845e-05 2.357415e-05 2.157514e-05 1.903712e-05 1.631868e-05 1.360432e-05 1.102093e-05 8.595994e-06 6.336237e-06 4.288492e-06 2.824251e-06 1.803582e-06 1.066362e-06 4.943763e-07 0.000000e+00
7.512051e-06 1.080289e-05 1.461663e-05 1.852201e-05 2.162506e-05 2.330358e-05 2.347855e-05 2.245776e-05 2.061279e-05 1.823788e-05 1.566805e-05 1.308626e-05 1.061627e-05 8.291543e-06 6.125722e-06 4.174174e-06 2.759214e-06 1.765099e-06 1.044414e-06 4.843546e-07 0.000000e+00
7.305766e-06 1.028446e-05 1.379791e-05 1.745058e-05 2.039813e-05 2.204142e-05 2.228019e-05 2.137877e-05 1.967632e-05 1.745462e-05 1.502682e-05 1.257305e-05 1.021390e-05 7.987844e-06 5.914509e-06 4.055244e-06 2.690287e-06 1.723999e-06 1.020901e-06 4.736066e-07 0.000000e+00
7.093094e-06 9.793872e-06 1.303184e-05 1.644524e-05 1.923929e-05 2.083987e-05 2.112979e-05 2.033490e-05 1.876434e-05 1.668662e-05 1.439462e-05 1.206454e-05 9.813786e-06 7.684867e-06 5.702541e-06 3.932072e-06 2.617666e-06 1.680372e-06 9.958662e-07 4.621495e-07 0.000000e+00
6.874358e-06 9.326918e-06 1.231176e-05 1.549880e-05 1.814210e-05 1.969384e-05 2.002382e-05 1.932389e-05 1.787536e-05 1.593312e-05 1.377103e-05 1.156058e-05 9.415838e-06 7.382553e-06 5.489762e-06 3.804990e-06 2.541542e-06 1.634310e-06 9.693538e-07 4.500016e-07 0.000000e+00
6.649818e-06 8.879943e-06 1.163178e-05 1.460476e-05 1.710062e-05 1.859861e-05 1.895892e-05 1.834350e-05 1.700795e-05 1.519330e-05 1.315560e-05 1.106094e-05 9.019944e-06 7.080827e-06 5.276120e-06 3.674292e-06 2.462098e-06 1.585906e-06 9.414091e-07 4.371823e-07 0.000000e+00
6.419677e-06 8.449785e-06 1.098672e-05 1.375728e-05 1.610942e-05 1.754974e-05 1.793189e-05 1.739158e-05 1.616067e-05 1.446634e-05 1.254787e-05 1.056540e-05 8.625982e-06 6.779611e-06 5.061576e-06 3.540244e-06 2.379512e-06 1.535252e-06 9.120792e-07 4.237114e-07 0.000000e+00
6.184094e-06 8.033716e-06 1.037204e-05 1.295114e-05 1.516350e-05 1.654312e-05 1.693971e-05 1.646604e-05 1.533215e-05 1.375144e-05 1.194737e-05 1.007372e-05 8.233819e-06 6.478820e-06 4.846097e-06 3.403084e-06 2.293952e-06 1.482442e-06 8.814122e-07 4.096096e-07 0.000000e+00
5.943185e-06 7.629363e-06 9.783750e-06 1.218167e-05 1.425833e-05 1.557495e-05 1.597953e-05 1.556491e-05 1.452105e-05 1.304779e-05 1.135362e-05 9.585636e-06 7.843310e-06 6.178370e-06 4.629655e-06 3.263028e-06 2.205581e-06 1.427567e-06 8.494567e-07 3.948979e-07 0.000000e+00
5.697035e-06 7.234663e-06 9.218309e-06 1.144466e-05 1.338976e-05 1.464169e-05 1.504867e-05 1.468628e-05 1.372606e-05 1.235460e-05 1.076615e-05 9.100899e-06 7.454307e-06 5.878173e-06 4.412228e-06 3.120267e-06 2.114553e-06 1.370719e-06 8.162617e-07 3.795979e-07 0.000000e+00
5.445700e-06 6.847816e-06 8.672601e-06 1.073632e-05 1.255399e-05 1.374005e-05 1.414459e-05 1.382834e-05 1.294594e-05 1.167108e-05 1.018449e-05 8.619240e-06 7.066656e-06 5.578140e-06 4.193801e-06 2.974978e-06 2.021013e-06 1.311988e-06 7.818767e-07 3.637315e-07 0.000000e+00
5.189219e-06 6.467254e-06 8.143865e-06 1.005326e-05 1.174755e-05 1.286697e-05 1.326489e-05 1.298934e-05 1.217947e-05 1.099647e-05 9.608155e-06 8.140387e-06 6.680199e-06 5.278181e-06 3.974358e-06 2.827319e-06 1.925101e-06 1.251462e-06 7.463512e-07 3.473207e-07 0.000000e+00
4.927618e-06 6.091599e-06 7.629641e-06 9.392374e-06 1.096725e-05 1.201960e-05 1.240731e-05 1.216762e-05 1.142548e-05 1.033001e-05 9.036680e-06 7.664060e-06 6.294771e-06 4.978205e-06 3.753884e-06 2.677429e-06 1.826948e-06 1.189227e-06 7.097347e-07 3.303877e-07 0.000000e+00
4.660915e-06 5.719642e-06 7.127743e-06 8.750886e-06 1.021013e-05 1.119527e-05 1.156969e-05 1.136155e-05 1.068281e-05 9.670936e-06 8.469587e-06 7.189974e-06 5.910200e-06 4.678115e-06 3.532364e-06 2.525439e-06 1.726679e-06 1.125367e-06 6.720757e-07 3.129548e-07 0.000000e+00
4.389125e-06 5.350322e-06 6.636212e-06 8.126255e-06 9.473492e-06 1.039150e-05 1.075000e-05 1.056960e-05 9.950350e-06 9.018504e-06 7.906386e-06 6.717829e-06 5.526304e-06 4.377810e-06 3.309779e-06 2.371458e-06 1.624407e-06 1.059962e-06 6.334218e-07 2.950437e-07 0.000000e+00
4.112257e-06 4.982694e-06 6.153290e-06 7.516158e-06 8.754804e-06 9.605918e-06 9.946269e-06 9.790221e-06 9.226967e-06 8.371943e-06 7.346574e-06 6.247305e-06 5.142882e-06 4.077174e-06 3.086100e-06 2.215582e-06 1.520236e-06 9.930861e-07 5.938184e-07 2.766755e-07 0.000000e+00
3.830312e-06 4.615915e-06 5.677375e-06 6.918450e-06 8.051697e-06 8.836269e-06 9.156571e-06 9.021926e-06 8.511539e-06 7.730468e-06 6.789615e-06 5.778052e-06 4.759709e-06 3.776071e-06 2.861285e-06 2.057885e-06 1.414259e-06 9.248096e-07 5.533080e-07 2.578701e-07 0.000000e+00
3.543276e-06 4.249211e-06 5.206996e-06 6.331123e-06 7.361913e-06 8.080374e-06 8.379026e-06 8.263191e-06 7.802908e-06 7.093244e-06 6.234928e-06 5.309676e-06 4.376523e-06 3.474342e-06 2.635271e-06 1.898422e-06 1.306552e-06 8.551921e-07 5.119286e-07 2.386455e-07 0.000000e+00
3.251113e-06 3.881863e-06 4.740776e-06 5.752274e-06 6.683286e-06 7.336093e-06 7.611744e-06 7.512464e-06 7.099860e-06 6.459372e-06 5.681869e-06 4.841728e-06 3.993012e-06 3.171786e-06 2.407965e-06 1.737215e-06 1.197170e-06 7.842827e-07 4.697124e-07 2.190169e-07 0.000000e+00
2.953763e-06 3.513181e-06 4.277399e-06 5.180071e-06 6.013691e-06 6.601299e-06 6.852806e-06 6.768136e-06 6.401114e-06 5.827879e-06 5.129717e-06 4.373689e-06 3.608812e-06 2.868158e-06 2.179238e-06 1.574258e-06 1.086152e-06 7.121182e-07 4.266846e-07 1.989967e-07 0.000000e+00
2.651140e-06 3.142497e-06 3.815600e-06 4.612727e-06 5.351029e-06 5.873851e-06 6.100246e-06 6.028524e-06 5.705293e-06 5.197697e-06 4.577665e-06 3.904961e-06 3.223490e-06 2.563164e-06 1.948928e-06 1.409513e-06 9.735083e-07 6.387210e-07 3.828623e-07 1.785938e-07 0.000000e+00
2.343123e-06 2.769148e-06 3.354138e-06 4.048477e-06 4.693202e-06 5.151575e-06 5.352030e-06 5.291852e-06 5.010927e-06 4.567656e-06 4.024810e-06 3.434864e-06 2.836544e-06 2.256453e-06 1.716823e-06 1.242904e-06 8.592300e-07 5.640989e-07 3.382547e-07 1.578133e-07 0.000000e+00
2.029546e-06 2.392449e-06 2.891758e-06 3.485529e-06 4.038058e-06 4.432206e-06 4.606003e-06 4.556207e-06 4.316395e-06 3.936445e-06 3.470120e-06 2.962605e-06 2.447377e-06 1.947600e-06 1.482660e-06 1.074312e-06 7.432744e-07 4.882403e-07 2.928597e-07 1.366550e-07 0.000000e+00
1.710148e-06 2.011628e-06 2.427107e-06 2.921970e-06 3.383280e-06 3.713276e-06 3.859769e-06 3.819417e-06 3.619824e-06 3.302509e-06 2.912341e-06 2.487199e-06 2.055238e-06 1.636057e-06 1.246078e-06 9.035471e-07 6.255505e-07 4.111019e-07 2.466564e-07 1.151105e-07 0.000000e+00
1.384492e-06 1.625727e-06 1.958615e-06 2.355607e-06 2.726212e-06 2.991914e-06 3.110498e-06 3.078861e-06 2.918901e-06 2.663890e-06 2.349866e-06 2.007356e-06 1.659119e-06 1.321071e-06 1.006562e-06 7.303047e-07 5.058887e-07 3.325893e-07 1.995940e-07 9.315733e-08 0.000000e+00
1.051904e-06 1.233520e-06 1.484386e-06 1.783849e-06 2.063712e-06 2.264698e-06 2.354763e-06 2.331318e-06 2.210737e-06 2.018097e-06 1.780606e-06 1.521376e-06 1.257675e-06 1.001623e-06 7.633947e-07 5.541311e-07 3.840161e-07 2.525412e-07 1.515817e-07 7.075430e-08 0.000000e+00
7.114392e-07 8.334684e-07 1.002142e-06 1.203626e-06 1.392067e-06 1.527558e-06 1.588444e-06 1.572866e-06 1.491770e-06 1.362019e-06 1.201929e-06 1.027093e-06 8.491762e-07 6.763884e-07 5.156249e-07 3.744032e-07 2.595430e-07 1.707202e-07 1.024834e-07 4.783939e-08 0.000000e+00
3.617161e-07 4.235135e-07 5.089665e-07 6.110825e-07 7.066305e-07 7.753786e-07 8.063222e-07 7.984846e-07 7.573922e-07 6.915876e-07 6.103579e-07 5.216178e-07 4.312945e-07 3.435655e-07 2.619408e-07 1.902365e-07 1.318996e-07 8.677100e-08 5.209255e-08 2.431777e-08 0.000000e+00
7.279479e-22 7.948671e-18 1.243596e-17 1.358004e-17 1.279919e-17 1.112828e-17 9.194172e-18 7.333376e-18 5.700350e-18 4.344599e-18 3.260274e-18 2.416031e-18 1.771926e-18 1.288266e-18 9.296709e-19 4.115177e-23 1.216988e-27 3.363116e-32 0.000000e+00 0.000000e+00 0.000000e+00
